6:

Current best:
[0.0,0.0,17.645724970257895,0.0,0.0,1.7088352765851695]
[-9.754923933648858,0.0,31.2029759977518,7.420470170167796,1.198568930064459,1.7088352765851695]
[-13.321754801401468,-6.793627796780353,24.52088657528374,3.785934077794767,1.198568930064459,-1.4241124214974619]
[-9.874160818647262,-6.599073811096069,24.916973564325147,4.253840681148876,22.206085759062105,-1.4241124214974619]
[-9.874160818647262,-6.599073811096069,24.042930674882264,7.540107808338153,19.256881696882026,14.106286578882514]

After 41 Generations @ (10, -10):
[-9.874160818647262,-6.599073811096069,24.042930674882264,7.540107808338153,19.256881696882026,14.106286578882514]

Proceeding with 1,-1...
[-10.34537479030292,-9.918824157903229,28.843119352368007,3.833934973540616,12.458947443303668,10.137026800363573]

10:
[0.6188781791814701,-2.730757907506785,9.022270256589273,2.193023107662027,26.767895490203724,-6.500382236673177,0.39645035043599997,-21.35517138704111,0.0,-0.3210039285951005] (10 generations, old survive, two mutations, 50/gen)
[0.6188781791814701,-2.9443602167937364,9.022270256589273,4.947298450221307,28.625416754412694,-6.500382236673177,3.925897726154693,-19.175143835282075,9.03224580115251,-2.254693590449488] (15 generations, "")
[9.74435140611785,-12.759047462264197,6.110657427252734,-0.4750420528631585,30.16004182844477,1.9433328725016974,5.296207163060204,-25.204422644257566,16.080987566308703,5.050334108556383] (30 generations, "", [last 15 75/gen])
[18.864353386623517,-16.8882195636059,11.07862124411903,-9.640338889785667,35.69733171689878,4.308252089385166,7.783340252375828,-25.571242599776564,16.080987566308703,1.8468968699120838] (45 generations, "")